------ 1 -------
skill : 0.020927859470248222
experience : 0.016824277117848396
knowledge : 0.012720794416964054
software : 0.012720776721835136
learn : 0.008617257699370384
technology : 0.008617253974080086
strong : 0.008617250248789787
environment : 0.008617247454822063
system : 0.008617245592176914
agile : 0.008617245592176914
------ 2 -------
knowledge : 0.04781340807676315
experience : 0.029317030683159828
skill : 0.019880786538124084
good : 0.01979653351008892
business : 0.019409293308854103
framework : 0.01940925605595112
php : 0.019409211352467537
payment : 0.010310434736311436
methodology : 0.01023030560463667
write : 0.010158457793295383
------ 3 -------
relate : 0.022319326177239418
good : 0.02231929637491703
experience : 0.02231917902827263
tool : 0.011431808583438396
position : 0.011431798338890076
card : 0.011431768536567688
payment : 0.01143176481127739
banking : 0.011431758292019367
degree : 0.011431754566729069
year : 0.011431745253503323
------ 4 -------
development : 0.03785845264792442
information : 0.0322512648999691
experience : 0.028570689260959625
relate : 0.02646506391465664
familiar : 0.02296161837875843
discipline : 0.021246373653411865
technology : 0.019589396193623543
advantage : 0.01893036440014839
good : 0.01857326738536358
computer : 0.01820763759315014
------ 5 -------
experience : 0.05399797484278679
knowledge : 0.02595076523721218
good : 0.025602905079722404
strong : 0.020264241844415665
development : 0.019256029278039932
design : 0.018416957929730415
year : 0.015486571006476879
work : 0.015287292189896107
software : 0.014968255534768105
payment : 0.013056932017207146
------ 6 -------
experience : 0.08979904651641846
least : 0.0474853552877903
year : 0.04278386011719704
month : 0.04278352111577988
advantage : 0.03808218613266945
skill : 0.019276047125458717
post : 0.01927601732313633
technical : 0.014574585482478142
management : 0.009873056784272194
higher_diploma : 0.009873053058981895
------ 7 -------
product : 0.029992952942848206
interface : 0.02267751656472683
company : 0.02267744392156601
responsible : 0.02267741598188877
develop : 0.015362164936959743
development : 0.015362161211669445
api : 0.015362161211669445
platform : 0.015362145379185677
solution : 0.015362138859927654
end : 0.015362119302153587
------ 8 -------
experience : 0.0013568567810580134
development : 0.0013568552676588297
technology : 0.0013568542199209332
year : 0.0013568538706749678
application : 0.0013568538706749678
skill : 0.0013568536378443241
knowledge : 0.0013568536378443241
science : 0.0013568536378443241
relate : 0.0013568535214290023
degree : 0.0013568534050136805
------ 9 -------
experience : 0.02839861623942852
skill : 0.02292720600962639
work : 0.01726483553647995
team : 0.016488566994667053
knowledge : 0.014458377845585346
ability : 0.01443479210138321
environment : 0.014015001244843006
communication : 0.011607776395976543
drive : 0.00881484430283308
excellent : 0.008791476488113403
------ 10 -------
experience : 0.039121780544519424
development : 0.025244994089007378
application : 0.024174915626645088
implementation : 0.01837235875427723
web : 0.017390156164765358
system : 0.01616608537733555
skill : 0.014403950423002243
use : 0.01364150457084179
database : 0.013107597827911377
payment : 0.013088421896100044
